V 54
K 1
D 0 0 1524000 0
Y 1
U 1016000 889000 254000 0 3 3 REFDES=D?
U 1016000 635000 254000 0 3 3 DEVICE=SMC30J18A
U 1016000 381000 254000 0 3 0 PKG_TYPE=DIOM8059X265N
U 1016000 127000 254000 0 3 0 Description=3000 W,18 V TVS in SMC
U 1016000 -127000 254000 0 3 0 Datasheet Link=https://www.st.com/resource/en/datasheet/smc30j10a.pdf
U 1016000 -381000 254000 0 3 0 Height=2.65
U 1016000 -635000 254000 0 3 0 Mouser Part Number=
U 1016000 -889000 254000 0 3 0 Mouser Price/Stock=
U 1016000 -1143000 254000 0 3 0 Manufacturer_Name=STMicroelectronics
U 1016000 -1397000 254000 0 3 0 Manufacturer_Part_Number=SMC30J18A
U 0 0 254000 0 1 0 FORWARD_PCB=1
l 4 508000 0 1016000 254000 1016000 -254000 508000 0
|GRPHSTL -1 -1 -1 1
l 2 508000 -203200 609600 -254000
|GRPHSTL -1 -1 -1 1
l 2 508000 -203200 508000 203200
|GRPHSTL -1 -1 -1 1
l 2 406400 254000 508000 203200
|GRPHSTL -1 -1 -1 1
P 1 0 0 508000 0 0 2 0
L 0 -50800 228600 0 1 0 3 0 K
A 0 50800 203200 0 3 3 #=1
A 0 0 9 0 3 0 PINTYPE=BI
P 2 1524000 0 1016000 0 0 3 0
L 1524000 -50800 228600 0 7 0 3 0 A
A 1524000 50800 203200 0 9 3 #=2
A 0 0 9 0 3 0 PINTYPE=BI
E
