V 54
K 1
D 0 -2286000 5334000 0
Y 1
U 4953000 762000 254000 0 2 3 REFDES=IC?
U 4953000 508000 254000 0 2 3 DEVICE=STM32C092FCP6
U 4953000 254000 254000 0 2 0 PKG_TYPE=SOP65P640X120-20N
U 4953000 0 254000 0 2 0 Description=Mainstream Arm Cortex-M0+ MCU with 256 Kbytes of Flash memory, 30 Kbytes RAM, 48 MHz CPU, 4x USART, timers, ADC, comm. I/F, 2-3.6V
U 4953000 -254000 254000 0 2 0 Datasheet Link=https://www.st.com/resource/en/datasheet/stm32c091cb.pdf
U 4953000 -508000 254000 0 2 0 Height=1.2
U 4953000 -762000 254000 0 2 0 Mouser Part Number=
U 4953000 -1016000 254000 0 2 0 Mouser Price/Stock=
U 4953000 -1270000 254000 0 2 0 Manufacturer_Name=STMicroelectronics
U 4953000 -1524000 254000 0 2 0 Manufacturer_Part_Number=STM32C092FCP6
U 0 0 254000 0 1 0 FORWARD_PCB=1
l 5 508000 254000 4826000 254000 4826000 -2540000 508000 -2540000 508000 254000
|GRPHSTL -1 -1 -1 1
P 1 0 0 508000 0 0 2 0
L 584200 0 228600 0 2 0 1 0 PB7/PB8
A 355600 50800 203200 0 9 3 #=1
A 0 0 9 0 3 0 PINTYPE=BI
P 2 0 -254000 508000 -254000 0 2 0
L 584200 -254000 228600 0 2 0 1 0 PC14-OSCX_IN
A 355600 -203200 203200 0 9 3 #=2
A 0 0 9 0 3 0 PINTYPE=BI
P 3 0 -508000 508000 -508000 0 2 0
L 584200 -508000 228600 0 2 0 1 0 PC15-OSCX_OUT
A 355600 -457200 203200 0 9 3 #=3
A 0 0 9 0 3 0 PINTYPE=BI
P 4 0 -762000 508000 -762000 0 2 0
L 584200 -762000 228600 0 2 0 1 0 VDD/VDDA
A 355600 -711200 203200 0 9 3 #=4
A 0 0 9 0 3 0 PINTYPE=BI
P 5 0 -1016000 508000 -1016000 0 2 0
L 584200 -1016000 228600 0 2 0 1 0 VSS/VSSA
A 355600 -965200 203200 0 9 3 #=5
A 0 0 9 0 3 0 PINTYPE=BI
P 6 0 -1270000 508000 -1270000 0 2 0
L 584200 -1270000 228600 0 2 0 1 0 PF2-NRST
A 355600 -1219200 203200 0 9 3 #=6
A 0 0 9 0 3 0 PINTYPE=BI
P 7 0 -1524000 508000 -1524000 0 2 0
L 584200 -1524000 228600 0 2 0 1 0 PA0
A 355600 -1473200 203200 0 9 3 #=7
A 0 0 9 0 3 0 PINTYPE=BI
P 8 0 -1778000 508000 -1778000 0 2 0
L 584200 -1778000 228600 0 2 0 1 0 PA1
A 355600 -1727200 203200 0 9 3 #=8
A 0 0 9 0 3 0 PINTYPE=BI
P 9 0 -2032000 508000 -2032000 0 2 0
L 584200 -2032000 228600 0 2 0 1 0 PA2
A 355600 -1981200 203200 0 9 3 #=9
A 0 0 9 0 3 0 PINTYPE=BI
P 10 0 -2286000 508000 -2286000 0 2 0
L 584200 -2286000 228600 0 2 0 1 0 PA3
A 355600 -2235200 203200 0 9 3 #=10
A 0 0 9 0 3 0 PINTYPE=BI
P 11 5334000 0 4826000 0 0 3 0
L 4749800 0 228600 0 8 0 1 0 PB3/PB4/PB5/PB6
A 4978400 50800 203200 0 3 3 #=20
A 0 0 9 0 3 0 PINTYPE=BI
P 12 5334000 -254000 4826000 -254000 0 3 0
L 4749800 -254000 228600 0 8 0 1 0 PA14-BOOT0/PA15
A 4978400 -203200 203200 0 3 3 #=19
A 0 0 9 0 3 0 PINTYPE=BI
P 13 5334000 -508000 4826000 -508000 0 3 0
L 4749800 -508000 228600 0 8 0 1 0 PA13
A 4978400 -457200 203200 0 3 3 #=18
A 0 0 9 0 3 0 PINTYPE=BI
P 14 5334000 -762000 4826000 -762000 0 3 0
L 4749800 -762000 228600 0 8 0 1 0 PA12_[PA10]
A 4978400 -711200 203200 0 3 3 #=17
A 0 0 9 0 3 0 PINTYPE=BI
P 15 5334000 -1016000 4826000 -1016000 0 3 0
L 4749800 -1016000 228600 0 8 0 1 0 PA11_[PA9]
A 4978400 -965200 203200 0 3 3 #=16
A 0 0 9 0 3 0 PINTYPE=BI
P 16 5334000 -1270000 4826000 -1270000 0 3 0
L 4749800 -1270000 228600 0 8 0 1 0 PB0/PB1/PB2/PA8
A 4978400 -1219200 203200 0 3 3 #=15
A 0 0 9 0 3 0 PINTYPE=BI
P 17 5334000 -1524000 4826000 -1524000 0 3 0
L 4749800 -1524000 228600 0 8 0 1 0 PA7
A 4978400 -1473200 203200 0 3 3 #=14
A 0 0 9 0 3 0 PINTYPE=BI
P 18 5334000 -1778000 4826000 -1778000 0 3 0
L 4749800 -1778000 228600 0 8 0 1 0 PA6
A 4978400 -1727200 203200 0 3 3 #=13
A 0 0 9 0 3 0 PINTYPE=BI
P 19 5334000 -2032000 4826000 -2032000 0 3 0
L 4749800 -2032000 228600 0 8 0 1 0 PA5
A 4978400 -1981200 203200 0 3 3 #=12
A 0 0 9 0 3 0 PINTYPE=BI
P 20 5334000 -2286000 4826000 -2286000 0 3 0
L 4749800 -2286000 228600 0 8 0 1 0 PA4
A 4978400 -2235200 203200 0 3 3 #=11
A 0 0 9 0 3 0 PINTYPE=BI
E
